 0000
00  00
00  00
00  00
 0000

1111
  11
  11
  11
111111

 2222
22  22
   22
  22
222222

 3333
33  33
   333
33  33
 3333

44  44
44  44
444444
    44
    44

555555
55
55555
    55
55555

 6666
66
66666
66  66
 6666

777777
   77
  77
 77
77

 8888
88  88
 8888
88  88
 8888

 9999
99  99
 99999
    99
 9999





 000000
00  00
00  00
00  00
000000

1111
  11
  11
  11
111111

222222
     2
222222
2
222222

333333
    33
333333
    33
333333

44  44
44  44
444444
    44
    44

555555
55
555555
    55
555555

666666
66
666666
66  66
666666

777777
    77
    77
    77
    77

888888
88  88
888888
88  88
888888

999999
99  99
999999
    99
999999



https://patorjk.com/software/taag/#p=display&f=3x5&t=0%201%202%203%204%205%206%207%208%209

https://github.com/Python-TEB-2022

https://gitlab.com/K0RR/PyTeb/-/tree/main

https://stackoverflow.com/questions/152580/whats-the-canonical-way-to-check-for-type-in-python